9258005461
8279925749
7599715652
7411093598
9044206102
7668734212
9389018172
8527435376
9044879081
9368325924
9368881994
8865888818
7409922222
7078355527
9119825727
8533937731
8630024344
7668360154
9758925637
9758204599
9058771041
7668137019
9076908273
9027628017
7015496871
9050418327
9027875949
9140671185
8004614232
8181888909
7452802648
8791110288
6395965005
8791439277
6307736661
8958828274
9627992635
7818877028
7645884487
8273178469
9314554397
8090537125
8279629228
7007228723
6398548087
9450309999
8630483705
8433144373
7906141212
8755898619
9140141938
9045780342
8533943426
9415210552
7417030930
9368591793
6398666148
7067147873
8077511764
8860521086
7275525594
6399965477
7351440562
7895522914
9897476983
9917845152
8077745934
9548022640
9696260791
7983505404
6306396320
8570993372
6900438634
8218842689
8147085425
9368349374
9412577122
7983275180
9897198161
7900598177
7895233176
9800021407
9084620325
7302612048
9536884129
9151312516
9198747302
9045701566
7388976466
8533916206
7983320843
9520759842
7408314227
6397345723
7392071022
7668431099
8445556549
9627837740
9368391328
6398907210
8273493597
7060328934
8602217901
6398213816
9305060538
9350420079
8639033064
9627670060
8237780150
8126576101
8533035557
7727903906
8810628789
7991253137
9548406337
8923389290
9368238958
7906654450
8923328962
8299617855
8273523922
9760197623
7599280871
8077941844
7668343332
6307869425
9336644158
8445585859
9112526004
8273220099
8858915458
9548255524
9336269822
7505861992
8630173936
9837200230
8923451111
8171944690
9368662418
7906948452
8476015349
6398621486
7451876051
9997556095
9435210659
7060182678
8191814193
9219144180
9329626982
9044044214
8279700280
7906881619
7078861974
8923462604
8218432833
8394001427
8077560093
7078362657
8791283511
9517297027
7906340030
9528156647
7310739170
6397674008
7307017829
9817313198
9897826274
9336975213
7703070770
6309174045
8941896730
8218134824
7599777881
9568142340
8057705614
9682635327
8650121307
9759147509
9548916970
9958234170
7060547408
7505427288
7500451938
8006087000
8006871160
8755835762
7060666604
6390258144
9507524908
9456878882
6387705166
8533049959
7505539215
9305358993
9760689715
7985819872
8950437904
9368983202
8439285648
9389202714
9389347616
7417046852
8791347001
9720177686
8534906990
7817918133
9569735899
9326972195
7983674480
8273424935
9564424196
7248185607
8171596121
7602016396
9555470350
6388144913
8445680548
9907165692
8533834248
9013162798
9410868000
9864906758
7052380001
8791464166
7060560644
7417697478
7017484754
9520090880
8130558865
6307684012
7668744215
9639029635
8433185664
9450932182
8019725424
9634002258
7075231121
9759345674
9839444392
8595435565
8765930080
9149203327
9027830813
7088946856
8791436180
9729455859
8077994511
8859883971
9151488530
8188006132
9793767343
8273081723
9549155169
7078528697
7579202770
8303212214
9305524192
8470866320
9557444632
9142289763
7453895745
7078152876
7017197746
6394001697
7209061941
8318616613
9719024633
8987694159
8279982854
8077505513
7238036254
9555264406
7985555982
9548345551
8979484038
9548877119
8171231706
8869051145
6306043512
8439326873
9045012225
9532891089
7807689062
8979513406
8954252534
6306446452
9580206806
7088677137
7055487360
7409708247
9470052161
8445876761
7902054690
6386866853
8273655148
8896880173
9511140311
6205360150
9893354551
8755157399
7668507139
8002211613
9045660485
9667705648
9670798843
7451878291
8273014215
8929588326
8171322429
8765728985
9120228822
7505384365
8445207897
8979290897
6392956816
7668646676
7017371076
9636378131
9810518135
8630796611
7206113271
9392515415
9118674369
9794996063
9927013944
9490812034
8081621477
7300890394
9149078300
8273575672
9452402250
9456467838
7078995944
9719209685
6378305686
8879290086
9450161928
9027109939
7668513494
9170681550
9557896842
9193920671
7302869338
7817933966
7017142931
6399910652
9627874459
7466087919
9368161976
8791260568
9559823162
9897735469
7668084210
6307473656
8279861828
8868984960
7078979766
9627277205
6397109055
6396840989
8218856177
9760399588
7417713568
8791638458
8394012562
7355430659
8954683869
8528177704
8279630773
9868151526
9119729339
9151599359
8824862597
8791470023
6306869894
7455020219
7451099215
8126858595
8765327528
7895889997
7037091688
