2215100001
2215100009
2215100018
2215100015
2215100017
2215100008
2215100004
2215100014
2215100006
2215100003
2215100002
2215300025
2215300015
2215300021
2215300006
2215300003
2215300027
2215300035
2215300029
2215300019
2215300007
2215300002
2215300001
2215300022
2215300042
2215300020
2215300004
2215300008
2215300039
2215300017
2215300024
2215300043
2215300036
2215300038
2215300033
2215300026
2215300040
2215300041
2215300014
2215300031
2215300037
2215300018
2215300032
2215300030
2215300009
2215300005
2215300034
2215300013
2215300044
2215300012
2215200014
2215200005
2215200008
2215200001
2215200029
2215200027
2215200019
2215200015
2215200010
2215200020
2215200003
2215200025
2215200007
2215200016
2215200028
2215200023
2215200024
2215200018
2215200002
2215200012
2215200022
2215200026
2215000322
2215001622
2215000597
2215000933
2215000835
2215001786
2215001358
2215001667
2215002006
2215000760
2215000754
2215001075
2215000083
2215001933
2215000023
2215001139
2215001556
2215001030
2215001249
2215000359
2215000667
2215000417
2215001833
2215001481
2215001552
2215001422
2215001300
2215000948
2215000892
2215000920
2215000329
2315990022
2315990078
2215002022
2215002009
2215001184
2215001500
2215000313
2215000489
2215000854
2215000703
2215001146
2215000524
2215001096
2215000696
2215001993
2215000983
2215001460
2215000047
2215001280
2215001115
2215000893
2215001370
2215000910
2215001841
2215001126
2215000850
2315990038
2215000126
2215000035
2215000507
2215000304
2215000067
2215002060
2215001011
2215000007
2215000793
2215000651
2215001282
2215000613
2215001042
2215000739
2215000273
2215000380
2215001151
2215001077
2215000444
2215000296
2215000588
2215001315
2215001284
2215000928
2215001222
2215000347
2215000091
2215000298
2215000897
2215001721
2215000626
2215000950
2215000600
2215000427
2215000133
2215001221
2215001457
2215000885
2215001899
2215001574
2215001640
2215001759
2215001797
2215002054
2215001660
2215001848
2215002031
2215001957
2215001888
2215001707
2215000088
2215001071
2215000938
2215000405
2215001555
2215000012
2215000500
2215000349
2215001603
2215001654
2215000048
2215000158
2215001990
2215000462
2215700010
2215001588
2215001181
2215700009
2215700007
2215700017
2215700018
2215001290
2215000352
2215000596
2215001628
2215000491
2215001387
201500434
2215001036
2215001876
2215001626
2215000522
2215001757
2215000294
2215000327
2215001861
2215000514
2215001783
2215001128
2215000506
2215000569
2215000430
2215000216
2215001776
2215000031
2215000027
2215001851
2215001102
2215001632
2215000195
2215001245
2215000570
2215001004
2215001594
2215001862
2215000559
2215000826
2215000063
2215000163
2215001446
2215002045
2215000245
2215000784
2215001052
2215000367
2215000702
2215001156
2215001794
2215000440
2215001714
2215001546
2215001340
2215000874
2215000251
2215001992
2215001406
2215000165
2215000758
2215000805
2215000187
2215000458
2215001209
2215000282
2215000114
2215000375
2215001907
2215001681
2215001254
2315990003
2315990040
2315990020
2215000348
2215000325
2215000929
2215000181
2215000028
2215001424
2215001256
2215001078
2215001532
2215001440
2215000226
2215000887
2215001261
2215000369
2215000157
2215001031
2215001005
2215001404
2215001194
2215000848
2215001236
2215000207
2215001547
2215001823
2215001743
2215001784
2215001697
2215001934
2215000301
2215000705
2215001930
2215001536
2215001844
2215000257
2215000558
2215001112
2215000532
2215000270
2215001997
2215001971
2215001704
2215000969
2215700004
2215700001
2215001306
2215001698
2215001464
2215700003
2215700019
2215700013
2215700014
2215700015
2215700005
2215700002
2215700012
2215700016
2215000855
2215000985
2215000533
2215001250
2215100016
2215100013
2215100010
2215200013
2215200021
2215200009
2215200004
2115000622
2115000924
2215000955
2215001615
2215001144
2215001700
2215001853
2215000206
2215000815
2215000005
2215000307
2215001531
2215000775
2215001963
2215000550
2215000713
2215000744
2315990010
2215001360
2215001285
2215001190
2215001540
2215001672
2215001631
2215002053
2215000224
2215000603
2215001392
2215001646
2215000400
2215000299
2215000198
2215001986
2215001470
2215000034
2215700008
2115000723
2215000778
2215000504
2215000448
2215000454
2215000643
2215001198
