9457012717
8006620327
8791227081
9457003838
6397591516
7078164631
7080729466
6399954401
9559725694
7078849247
8957275486
9756144688
6388643125
7309014891
7348291892
8534936421
9068065040
9219920123
8791724040
8307758840
6398625160
9528140255
6395765154
9870603470
7457012828
7860254396
7037210765
7526055885
8445055290
8439276037
7455916935
9548564160
8858648830
9368982643
9430566516
8400381462
6387461780
8307090189
7060179309
7800328133
7668903828
9721567092
9305924283
6350483773
9105437196
7983715237
8299603936
8800653680
9634629867
9079177133
7417269770
9528115539
9125225751
7037221288
8791994202
8218675510
7905311061
6307495579
8923281435
9557135647
9719960082
8840667570
9193108002
7828721919
6395304057
7976212946
6399124322
9997654421
9012497425
9984758472
8409547872
8299359028
9986112335
8267900271
7992112669
8528101547
8171525464
9193465914
9555865946
9452115253
7488724503
8471010124
7906935875
7905366063
8303361245
8090829242
8707026750
7905070730
6307757022
6396973804
9555527029
8318221416
9649719437
6395398615
8384874401
9123195281
7078015505
8273300834
7817925702
8957659193
9634387263
7452874101
7037794708
9027820517
7068194466
6396358882
8979773211
7749818843
9675733611
9034156234
7078344881
8791831284
7906154835
7906203331
7524963827
9783953307
9759298668
9968175442
7037102155
7524969967
7455071977
9587734803
9650377969
7459919945
9760609298
8384894957
9045598933
9569653295
7505710322
7453820566
8077601793
9389140269
8273729700
7818807647
9760006636
8171993599
6393959727
8218956077
8868922373
7607513505
9548626705
7880334839
8881421000
9528160886
9068638603
8077186277
7906124400
8439112290
9997048244
9053647113
7088015053
7417326548
9161040303
8273474954
7505073472
9832508226
7390883373
8434090467
7302772370
9528844173
6398093829
6397023375
8791511009
9548016656
7906476778
8002496523
9458257399
7505355406
8279874284
9084152032
8738987617
8738894881
7520461384
8130588530
8126061141
7268855716
8707823865
7379889236
8791608302
7906389009
9887034587
8287484985
8979325553
7505327954
9149354175
7017548218
9761192134
7310789040
7394039605
6398135897
7983454068
6203041368
9045331292
7394998088
7417742823
7906112887
8979900698
7454806859
8791787337
7417461615
7037125227
9528614665
6396495232
9760474960
7906329685
8279974140
7906872152
9027924872
8604411331
6003043228
8851051402
7078128388
8791866521
9839077111
6307847768
7500829274
8218134845
9027922806
8840168779
9554999955
9554697575
9783002775
6397168054
7518241394
7302835375
8791300574
8273729785
7017205105
9045143079
9984845854
8840989511
7037842430
8817044936
9897245154
8954793507
7078982829
7017558316
8954670241
6268852030
8887960228
8126747702
9927386996
7394943432
7078491579
7017514138
7302170715
9792299091
7088724950
8193938161
6395041441
8865080866
9782317960
7417550526
7505435242
7055540555
8272836517
8619041853
9555866893
7505329303
8791400221
8273470319
6395628610
7017953685
9411980970
8601694906
7617012126
9548524692
7017445372
8887674300
7078855705
6396831324
9304047238
9213651065
9540229636
7302079280
9889320711
8475847784
6395695255
8859919408
7078851428
7417544234
7599988019
8057184057
7300568885
7906112887
8218995160
8795748000
7817023018
9368504054
9984496319
9016475901
7248218235
8755199365
8533983103
6386963028
8445506448
8744035392
8755361935
8439321565
8755939550
8439645109
8859982259
8445702869
6397305422
9389212381
9568467026
8171040243
8869828465
8171020056
8476967337
8279544329
8279436439
8651518088
8923739676
7784902802
8218804990
6394330610
8957756901
6393243853
7897757119
8791149083
8077126995
7651974842
8542086281
6398556546
9756493385
9528330156
7339767441
8630746103
6395600256
8218019815
9999066149
9058900885
9696955038
8445597921
9306539722
7905649869
9569654996
8445446290
7394020651
7830300871
8604623035
9401885939
9557042791
8923041885
7983132322
9045167265
9759489627
8273539428
8355058848
9044148096
9027527635
9193504091
7302868507
9557058287
9760708633
7302709270
8791172722
7300601988
8077332966
8954554454
7456023782
9368438220
8923372683
7217239986
6280194973
7275908060
8572880980
8449287446
9897090248
9870678462
8273134901
6394882557
7881108309
6398630214
8393032400
7302901755
7351418100
9870694283
9548501016
7302026595
9555048319
9651483199
9899229541
7060381721
9548319148
7017781134
7900391944
9795113539
8923327300
9336655845
7037977611
8708275371
9336273155
9997859116
8791667412
9412393096
8175840829
8218366292
8476082118
9389717228
9368922185
7901965797
9045703275
8218264744
9756027295
8171904892
9818942141
8868008677
8003849106
9634788620
7017175198
8791890014
7668591978
7060071181
8957228515
8191994215
9997414452
8941888339
8987224668
6394783595
7505831778
8979970049
8955439931
7800733100
9555972380
8303115467
9528907026
8439607795
9389240600
7020179216
8218624364
8058452975
8791369237
6378642776
8859373241
7217362423
8826448332
8171615611
6395276297
9720239250
8009619219
7668287904
8882788112
9837242301
8439311909
7060795512
9548594924
7037105507
8077060388
7668726286
6396059752
8630944551
6207536064
7007843438
7017020828
7078696083
7303901211
9084520181
9588556618
9610092471
9389980182
8279637955
7983364149
6397332219
7417085101
8445313190
7668445818
8534025180
9259053353
8958446414
9058893963
7217537892
7983447735
9917946042
6399859811
7668455623
8979426888
9068582751
8791203842
7017299305
8076538928
7417046474
8287078041
7906039247
7710514812
7417377047
9058391112
7505460349
8630797565
7417910480
7457015861
8077587657
8077719863
7668843369
8273011415
7298317489
9149294231
7452976379
9389743460
9675885408
6397957661
7505207161
9568380450
8081241428
7763949572
8279497676
6395268283
9350851551
8630210483
7068876861
6395193577
8384847896
9044176342
9411925455
7500426524
7820052693
6377100738
8218208218
9997671919
7055545112
9125630017
7302455258
7084685415
9690281631
7037810462
9045515696
7055399444
9068939439
8630336006
7017951979
9368628212
7351479229
8868090076
7906744029
7408229285
7338484796
7206736872
7895904346
9670305494
9389370990
9368628114
7060429575
8265929484
9368499640
9027877861
7417787846
9528040945
8302904370
9758550294
9696720164
8292569554
8445646300
6396536562
9026783977
8630334122
7300699075
9305535051
7398129995
9794496654
7037594393
8532080960
8865023545
7818813113
9572408514
6396776218
8791331162
9452860987
7668396575
8445664999
7906149879
7302776583
8171736088
8077047887
7017091338
9889031249
7878372113
8604631791
9956564108
7417751694
7307253681
9555840973
9548705036
8090670806
9084688282
9415744981
8979071161
9460651805
7983405762
8009344271
7275207193
9151424927
9044163567
8171420529
9340992033
9389810372
9616032357
9340548040
8979462946
9818557844
9719361597
9315314363
9027907563
6363511657
7417085678
7488343926
7999445431
9045409995
9580162711
8126302377
9034937754
8006095582
9569051572
6395322433
7830222760
9599976221
7456090393
7906526061
