9557597660
844579788
9555686328
8384887256
8090258489
9264975936
8572864725
9695779274
7351151138
7877189165
9897253765
9870971601
7983305396
7078841822
7752953793
7895989479
9256538489
6396888277
9389661169
7307870496
6397523855
8207847536
9199034744
7983146967
8577966580
8532886606
8126873929
9528903144
8434998510
9536829755
8272859588
7275674815
6200806321
9229391197
7803890401
8433452789
9105441758
7500448920
6398914556
8434886957
6397298129
8393856026
7417240941
7054207004
7830819604
6392824730
8791738500
9084785550
9455623465
9193449242
8395003321
7906387796
7906787492
8953892428
7505086399
8126557131
8859295480
7819057210
9911636536
8865004278
7004254286
9627651599
9105823395
7217376255
7300586001
08433472414
9827999855
7983457166
00000000000
639872431
6396410521
8172812162
6395958332
8571927176
8449299679
9457433834
9105879244
7078635746
8398868740
8077818791
9827999855
7060797409
9870805626
9128334607
9548880608
9897021643
8273889824
+916398101147
8077896489
8433206654
6396951934
8869002903
9027502215
7431864468
8840639973
9389713157
7014275062
7668008416
9058672941
8239231558
7017555358
7455088039
9528968570
8534893443
6207337898
9050484545
7668545146
9058258897
8445098081
8707722103
9548528273
6395751224
8445689768
7017441970
9548300812
9518403153
9675188134
9528066784
8930141138
9837120901
7060130226
7454952615
8957810382
6395509160
8865868703
 82670 01842
8938063307
706008864
7302203422
6396303191
6396303191
7310564610
8331002866
8543961780
9368888712
8307952099
7505379576
6307213379
9368208872
9555623610
7582865878
9569742494
9058110619
9990012742
7895675141
7302608898
7017487245
8865810392
7078837915
8708289621
7906637990
6387712515
7037794523
8791345089
7417841090
8218067848
9817901579
8882160272
8868057295
8057522098
8445883005
9555389028
7505532736
7310955889
6307099927
9198369250
9415035000
8979909409
9719433175
9971438557
7505783778
6387675276
9151422721
8340332635
9368643008
7015161410
8445325443
7348161120
7017250663
8757372975
8168926020
7007836374
7905285682
7881184884
7302249697
8507112475
8660647648
9140535183
7505238914
8273199010
8058996934
9368673603
8302225799
8528199011
6396947066
9034903383
9997914770
8630448158
9569638209
9454662047
8979026385
8570098422
9410884829
8708946703
9528643563
8439836386 bh
7302901443
7697958827
8839330009
7983434379
7055705644
9430530977
06396919427
9643804123
7310776233
7019567540
9058374527
8299556726
9817072082
6287186328
8868856124
8755743424
8077671129
9027601150
7895354892
8318570426
6398127411
8393909033
6396282836
7302522748
9026840151
7302270257
9509420276
07895767276
8923886193
9068325599
9897686490
7080041746
7351705425
9634574816
8869835564
8979677717
7906941751
7042206175
8650409889
7668472061
9368395136
7678294129
8864832417
9368936126
9813227324
7302558266
7409418539
7906075968
9193003514
7060407649
7992331338
6396544032
7988993729
7206094821
9631090422
8307878423
9306232952
6000201245
8168071470
9580068917
7895976813
8273394170
9839110240
7451030955
7037910067
8354944445
8115970630
8860219233
9580141971
9634779181
9068542854
7906309286
7906309286
9528121328
6397682627
7060845215
8630296915
8433070703
8307552640
7007995129
8265825002
8755827155
8707219635
8299511045
8081313209
7078929870
9634505169
9548320715
09389161756
9027471821
7906643573
8115669994
9837252470
7078828212
7906356609
7061057265
6398978018
6398978018
8923410282
8630784467
8279941425
8881798835
9720561737
8873647422
7458868344
9520830578
8630535178
8439195082
7983762152
8273015642
7878796493
7983754443
9980576062
6353768151
6396918770
8171425456
7819026689
9452711514
8445298486
7668328102
7310974080
9358665455
8273216623
9870652128
8630099137
6396221054
7037802046
6306048240
9415591593
9636347443
7300702187
6396423958
9389535661
8445496717
8360448194
9045303338
6396507750
9548003318
9368268022
8423045016
6387247029
8957382041
6396243377
7505467016
9525537496
7505999395
7524021342
7505999395
9984094243
9012204982
8923067296
8077605900
7275314197
7060413515
7983025099
6392554033
9927503860
9140719396
9068364792
7217467804
7398636996
6395970008
7417093299
8077754095
7563008468
9458019650
7017778979
7895962931
7417004329
7985812260
8445031477
9997508275
9454258641
9387696307
84445627771
7454916178
8267900781
9350858032
8439369160
8006086805
8266035644
9368230453
8279727953
9528150564
9412714387
6307322593
8887540698
9044136277
6397748086
6396055926
9027985399
7302770140
9793738208
7235980943
6395919048
7982450587
8429055399
8957041580
7037132008
8755921729
9389414662
8791300711
6397352767
9044969736
9870883420
8445322558
9027191632
7060004906
8265947950
8532994549
7037800641
7300960705
9030773966
7983055180
7302858557
9536363920
8957035071
7523026397
7906126635
7668383755
9548364536
6397754642
7456935862
8439037551
9079032604
7850056007
6398349942
9336434117
7817098179
9457467001
8306891277
6398752564
9917280709
9411041558
9520027447
7817845560
8439843788
7456935862
9259367549
+917300169695
7505656320
8449117348
8052684780
7017883727
8445335262
7017476018
7409275767
8433056495
8368490261
7052007402
8266042114
8470878714
6395813101
7535983801
9198872454
8957688367
7505906002
8923018546
8279826507
8923344371
8445423987
9389435797
9024180941
7451966795
7983388512
9369020264
9369020264
7217535039
8439316695
8171030391
8630828350
8707667532
9508653891
9936283454
9044078179
9589743718
7355090463
8791669565
9528466464
8126955979
8445673940
6306346970
7037640267
9634161222
7355496941
9045572083
9506600706
8448645369
6396210563
8865096970
8115301987
08708496994
8887872985
9457701928
8868918500
8979774670
7080809670
8171134157
9153075870
7054803516
8299357411
9084670655
8864809531
8534874372
7217297260
7669532534
9140141468
9580461161
9045794308
6200764558
7906219686
7408614001
9027921015
8858125419
7037018315
9350401271
9058346484
9368471599
7088439004
6307709565
8077798874
9997178829
6395884974
6398590242
9389929583
7217297260
7651850979
8317039364
7307423359
63073010173
9058214792
7451029242
9761997426
7817920590
7668097910
6388668105
8858828916
8791733005
8979426263
9628849978
9997194626
9870602906
+91 79920 23322
9252109650
7300513294
9149318171
7985841486
8923049068
8543008656
7983316683
9045432180
8923432250
9997747721
9336172992
9548780977
8533042672
9559464862
7983316683
7017907122
8707065597
9026568560
7454943187
7454943187
8192073320
7668781756
9341721213
7505899099
7505159104
8449658644
9389867581
9351997882
9555613061
7895891450
9027156797
6396911332
8058928399
8869872800
6367804497
8470879867
9058318561
8755904226
9838741603
7710461910
9458873951
+919305859379
8368861112
8439495593
6203883229
7505127361
9540524138
7355975266
7696128291
8077006424
8791821896
7078098361
8630356281
7505459909
6397120104
9256470882
7897399137
7895644332
7310692071
8827411024
6395074963
9368612553
7355116521
7240449450
8791605608
9149114749
9634074545
8193933356
9389708914
7906524874
8650264535
8077052610
8439200875
7464963315
9555844620
8433146280
6396874401
8864970881
8827411024
7017068002
7409612823
7565933261
9540524138
8791605608
8864838992
8957482185
9528733877
7895606117
9258534560
6386159763
6395013912
9720379709
7302711535
7252956323
9653083608
6207438436
9149164348
7050984578
7668098332
9119095125
7266888097
8445738835
8077598311
7818077835
7300892458
9170266531
6387583044
8171813622
9897495483
7905065607
8171327194
6397141538
8266880281
6397734746
8191883994
7017789326
7248600957
6306364953
9897311438
7068302452
8533988858
8445621171
6398840848
7668145302
6207438536
7017570366
8273104640
9794126616
9460200519
7985476510
8791705301
9758651482
7309160078
7017218609
8604043751
6397744374
7417540809
8840365009
7500752265
9368280731
7453056827
7983186053
9389134364
6388642428
8218026525
9695189683
6395064306
9256418840
9580223955
9216828595
6395238405
9509326057
7302306447
6398767385
8210108641
8299154058
8003594314
8273917950
8445698310
9634649412
9368030385
8057351800
7534903506
7417289587
7906089694
8439649647
9756005700
6395101602
8755954130
6396833694
7080029449
7857037892
9811679108
9458134155
7895113567
9893164008
9648009038
8439480764
8439480764
9005962676
8218457365
8382030792
9368395067
8840433035
9997116301
8265951082
7455963677
9389134364
6389405066
7505675894
6395615241
9761774273
07355203492
9142656030
7693938967
8273741617
8445202498
9520298072
920524458
9759698008
9536205920
8439414619
7505990038
8532821216
7217256389
6392524133
9557596376
07017022820
8395818979
8954572002
9455479511
7017916186
6394758592
7388129650
8439433773
6396061684
7017546937
9528758537
8077617105
9351700436
7505264236
7289003380
9219595937
9555228590
8937952753
6398076860
9368898410
7037746229
8791325869
6387930288
7985770720
8923570098
9627745284
7409001840
6392846774
9244210078
7061603164
8938082668
9058595191
8954625650
9479714244
8882847727
7668975488
7983113265
6398328279
8218860964
7251012830
8077493965
9329523860
8941896499
9122139009
7652097960
7247832771
6398328279
09389331351
9012870767
9589294182
8439821220
07060669747
9778512937
7505990038
7668511013
9756996666
9368005867
7004902537
7080662738
8318032813
7355434067
8882948073
9927456566
8755127588
6394171516
9058655517
8447232119
9651813066
8176944347
8931991465
7417919960
9983485338
8960026611
9140518343
8954501951
9265067121
7759093130
7970564479
9149344060
8279833761
7818904740
8445591327
8755121504
6397244651
9084593211
7017473800
7081865179
8708656580
9125329609
8171920389
8252741528
8923536656
7078740244
9653063256
8630180507
7417873871
7017045613
9997397689
7906702398
8307214429
8791646261
7015282898
9359672473
9580622502
8299516980
7388359389
9569694423
7453940160
7905948761
8869024798
9258310408
7452819982
9410800202
6396359705
7856031397
9315565124
7235877480
7055258061
9012335971
7310611225
8449581026
9045522829
9569950054
8218115827
8601499476
6399249296
9821134712
7309877259
9411897584
7467862103
8982495229
9927952285
6392890537
8273425338
8953867759
8858447213
9555459927
9305854261
7500914598
6306898714
6397420597
9690065219
8630250081
7618425215
8115608021
9548075560
7535002569
7906603498
7830296478
6307477396
6306815176
8090456270
7906841198
6396337594
9508400140
6397502175
7895052006
9569204686
8115608021
9569950054
9219435862
6397645969
9756814787
7017341665
9410448040
8954433088
7818892218
9411800515
7668489390
9456943171
8273296827
8433091754
8439679396
7275841416
9548613557
9528152515
9027470684
6395533016
8273881693
8630001497
8445149765
9279782994
9457983542
8303121774
8077262647
9457660900
9412659692
8650635083
7037900711
6388112208
8439924566
8881130957
9628805086
9045076829
6396728142
9837487609
7033324247
6306957743
7310660015
9389509816
9548965708
8445841902
08439588648
9934478340
7456956714
8279924052
7983768094
7078732047
8864914818
8874059792
8874309783
Ndnkdkekek
7906743449
7906120544
7017463757
8382940422
8267806338
9997502725
7460023789
6395927341
6398263988
7505642065
7307430149
7505179525
9770689006
9389042138
6398359570
8887117166
6376965602
7820092472
7488547642
6206966370
8957997605
8630143497
8126441756
7088757517
7610141507
6306086138
9084895201
8171936940
7454938142
9151621980
9720588209
7078721289
9256148510
8193040807
8003431833
6398288131
8471007575
6398808417
8382030463
8957454339
8896784686
7704802797
9412430093
8445554252
8979171334
7453857474
7351572212
7668909881
8650970092
9554879042
6398487814
6397705720
9554036118
7307925348
7897322325
07017421193
9414927951
8273384879
9627965105
7983882587
7451012992
9149309317
9258389335
9198814447
9555942512
8279421516
7895269791
8630749008
7465039830
6200815571
9720588209
8630452137
9927230076
7017352952
7007722955
8532875677
7906580395
9634968654
7895465237
7983124874
8630069517
7060521908
7668709133
7505618022
9260906365
6394174023
9119827978
6397718430
7817841467
8439159815
8439483885
8958552417
9456823956
9149132230
9837212411
8439607795
9140360130
7985582620
9305836548
9389801012
9555137759
8755953166
6394975799
9548629048
9369420453
8896256080
7627093923
7007829640
6394790039
8930311712
9555253422
7454913483
7906580395
9334835211
9675522543
9450833044
6398123126
6397219241
6388742061
7307604829
6396196406
8957709345
7505958446
8009630955
8433211172
6395930834
9198778130
7906922192
9580011872
7417669294
9555028566
8571084354
9368617605
8859612911
8923355565
9068029825
8527709083
7906366371
7037997494
7068515102
7983527442
9129020633
9555694771
7068982515
9719879478
7217283788
8384852924
7355774234
9548856385
8445659281
9758251566
9450352088
9058115610
9523841442
7900346334
7830871193
8218846889
7518693285
7618333374
8791228220
9258454868
8319318676
9569071749
7392082878
8445765567
7236923431
9939869230
7983766405
8923818538
9368293788
8279887188
7668249738
8171805882
8434927800
7906409226
8171235266
8470830459
9897682394
7300931665
7985589506
6393776897
7037910844
7521 881002
2315001844
8218780992
6388365986
8273662158
9634582243
9343855711
8791615323
7355581536
9696991143
9955394807
9258419228
6307920723
9536689800
8218339029
9343855711
8533812335
8630655331
8630504502
7417193914
8573868659
6393120981
7417398164
7818955077
8765368966
7906438239
9258680764
8299700042
7078446918
7905583508
9634969378
9045272587
07765984259
6207461860
8708313835
9559084710
9528560145
9559084710
9557339197
9045235749
8445288188
8266820550
9369342821
9045239898
7983347721
6387532626
8299059023
7251006457
9305572837
7905059965
8923111455
8957813622
9528999690
7390059057
9528301470
6207702565
8707451965
9389436393
6376487607
6396720986
7037469300
8077812044
7521836777
9257470882
6201636683
7668777328
7488403628
9084191222
9006924686
8303773707
8887638886
9519197229
7390074403
8303535664
6398875287
879168846
8630692093
6396703136
7300822474
7408474642
9760057824
7452990841
9548911403
9955303787
9759606060
7317523596
7819075077
9453063016
7452828214
7302127203
8445974136
6395094388
9507682114
8218278206
9027485831
7080881007
9027443438
7505552176
7455851541
9341024549
8445324444
7480952756
9149212676
7307912375
6395890172
7079940601
9548858442
9389983417
9548226201
9520512372
6398199250
7310506558
7027816632
9690448469
8534001139
7480952756
8393912961
7007916970
9760563125
9719978433
9897759217
9696808981
9415247075
9258092312
8954530059
8175002758
9258786481
6264650108
8302380117
9140673020
7456944472
9516819575
8273638105
8445177738
8826903088
8273484660
8279640978
8470843229
6396928760
9109644357
8273638105
8791973065
6202635099
8791865592
07004423237
9760168261
7983771024
9918211222
8595153810
8650968077
7818912310
8077818491
8279620461
8445463733
7060946290
9027617228
9953604884
9997171408
8791201989
8528724513
9366198861
7668517763
8433244233
6307587110
8218926750
7078981805
9044491132
7819037569
9696450125
9045077366
7895725540
7318311347
8092733983
8791846239
6395890452
7007845718
8825307310
8171020118
7300711210
7505750217
9258680166
9548327934
8400900994
7015301854
9335800902
8052758722
8445858791
9897211298
6395661505
09415323412
9084735022
8354869379
7500907491
7217553646
8533802821
9450812100
9368416169
8354869379
6206546077
6395052494
8534984833
8369312758
7060946290
8057409698
9927652086
6396652422
9759640992
7060276534
8869833093
9950234246
7818952184
8532890354
6388484465
9696520244
6396611633
6396611633
8677841500
8962393954
8171032892
9258533565
99970699958
9389034903
8279844626
6395223937
7905899359
7500083101
6306654783
9555696833
7078358192
8439610184
6386966810
7643947134
9142187731
8737980656
7668355018
7976038160
9389051494
7906352821
8006819345
7078566261
7248829792
8273236097
9905868134
7451053578
7388460717
8303009015
7014194189
9389327534
9455722916
8979490096
09528810650
6386558675
6395590680
8102310755
7068414334
7007893069
6390457055
8532053566
9425150232
8528111902
9520830969
8958270258
9548105791
7017550401
09368153738
8449505735
7859074570
8307156337
9905187645
6399003541
8887850230
8423483661
7505090269
9520272987
6398000697
7895816762
9719589539
7906043342
7060421480
9205585677
7068187509
7652094972
9027430224
7017123403
8218100070
8235616926
9119078783
9935274963
7668406401
7985000513
8210714226
9027624957
9719840012
8528431974
9193210533
9119773215
7379319700
9627074260
9389128213
7078058240
9140880688
9205789190
9897795272
7404420131
9758102710
8447741048
7452960177
95532961739
8810777250
7985700143
8273543868
7817988852
7300847888
7007489563
7520528585
6399103246
9456205863
7417293227
9170042448
8273738262
9569406948
8755993105
7466968665
7818873828
9260993632
7249929355
9389679616
7779939961
6201966288
8273867936
8755061507
9411062961
9170674903
9305601570
09588730850
7906401290
7668316686
7500730569
9557831828
7983922895
09027174836
9548540320
8869893378
7455926399
6397110261
8439332861
9193392034
8233116008
9793965272
8789328513
8930296860
7078485916
7237048526
9580364629
8439610184
9389733431
7906478830
8808280492
9027384188
8791730385
8279740283
7302769692
7409914434
8979632544
8081533833
6395431420
9119098177
7815966270
7417744617
7302858557
8279626107
9024677467
8439984523
9058585700
95557560564
9508279572
6398171388
8630541837
7080273721
9044051230
6386763115
9006288820
7300702319
7505185880
8787206545
9557629887
7414844575
7678192970
7017053962
8954122565
8077503543
8006002494
6398470946
8950456598
9520258755
9336549294
9058112457
8178168657
9719921234
8439357698
7817805171
9149044069
8534874372
9368258152
9548529039
8115072467
7505692547
8076194421
8529449711
08445489199
7452087343
7838039775
7317463271
7981863282
8439389940
9368114903
9149347399
8532077820
9837943880
7455927452
9336035053
7895886261
7905090294
8174020303
9140092127
09350241536
8439048521
8630860731
7817988205
7078205308
7037424510
7409368424
639714
9889947906
8445599354
8630639873
6399124494
7454892627
8650602772
8109080617
7817060623
8864969523
8755023308
7282833436
8445427132
9548666481
9198778130
9798489691
7300993971
7456965928
8958270258
9518863737
9582302004
7818912310
8006002788
9997979169
7055484212
9305398104
7078410780
8923529602
8077290614
9990619157
+918279307693
7310539577
8439061531
7982605656
9457978787
7983090989
8572864725
9149396788
7668094552
9756364903
9817338099
09627805426
7080508135
7235843535
9398918864
9528194700
9027111948
8445975663
8445361018
6307026414
8126202592
9027892904
9717771309
8630905105
8439862525
9307199492
9518646346
8266964816
8630168890
7454037820
8630432005
9555079928
8173834320
8445930950
8273584434
9305681259
6397216472
9555218885
9085770771
8267878908
9389432658
9412021447
9031269640
9090820082
9084482464
8273052322
9027468604
6393088921
8317063544
6386159161
8126187270
9457350716
7037779600
7302935331
08445293813
09149393684
9520506523
9415792977
7739363373
8423218355
9555844620
6267075860
7355975266
8445942993
6306870934
7310758367
8527118276
8755728977
7388416291
9897253765
7417020300
7217203977
7017398744
7073552528
7042486574
8923536656
9369921747
9045693319
7318005599
9068806592
6392148489
8532946316
7452966389
8439896898
6396693984
8851670034
7060278731
8445448700
9528175605
6205738409
9026009623
8279622740
6398290820
8385924090
9675984228
9149043547
8755069376
7037994221
9389944872
9119712792
9528240059
8192906110
7818952323
7900221734
8447741048
7417293227
9548848685
7248535949
8650264535
6399103246
9639610124
7505159104
8077694369
8218039683
7235843535
9528270411
7668175821
9690104059
7985477455
7388359389
8630015147
6397111230
9058861793
8923987428
9758073793
8630860731
7417747586
8006183655
9634116371
7697475414
8791996677
8299523024
7417208182
8445652116
9569737700
6395555754
8433006569
9398918864
7752899520
7037379496
7668811061
9690644373
9608550767
9897253765
9634840862
9555755258
7827520127
8595829649
7451895619
8218698184
8307216002
7248066458
6398942504
8445537444
7078905226
6387532626
9153148086
9068183575
6394759768
9369595390
8395884157
7985477455
9870971601
8303121774
7417999966
7310692071
8755565835
8650411060
8233158660
9532940420
7455926399
8923272495
9451558092
9058674261
7500059200
9548059341
7055735214
8273867936
6203883229
7254935121
6396705680
8630335531
8309384020
8439038521
8019918565
7565951601
08885990581
7505120144
8077016327
7455063676
7665472018
7016410807
7078369320
9058998010
7078171628
6387771487
9125355841
08532952923
7505185880
7452825041
7852043496
06386524405
8791230365
6393941366
8950313404
6264390327
766802366
7302110867
9797518564
6392670783
7505646746
7307279784
7991962502
09927356852
9508465806
7302726018
8813824388
9050871891
8433429656
7060694322
7355631809
9536288618
7417781955
9125355841
7857049148
7535859190
7015959146
7452825041
7307279784
7302110867
9555939648
7078369320
6264390327
8840825750
8950313404
8813824388
8532952923
9508465806
9058998010
9927356852
7627069558
9012205042
7355631809
7668023566
7302726018
7895683327
7817977139
8737935387
9058828118
9798885213
7015153296
8791577847
8755812105
7505646746
7627069558
7860996836
8294141923
6388484465
9204634897
9557590102
8266964816
8439333816
7819914417
7027816632
9837901666
8791615323
7017101239
6204900187
6395734921
8273838667
9457635644
9027637815
7217319054
8126895910
8439736001
9193964070
7455883529
7500276868
8573860870
7054966527
9927705013
7078591982
9457982221
9557447273
8476838551
8923805198
6394073010
9305534645
8858494800
9416839533
6377701277
9457127433
6395456092
9756162429
9389679496
8923512122
7905049833
9140818988
9068183575
9798489691
7697475414
6397110261
8532011901
9555814580
8273543868
9760573125
8354945453
9260993632
9627832005
9719978433
8192073320
7505343175
8920842550
8273744318
8271315906
8299323227
7011752387
7011752387
8218766289
8953867759
9027863806
7417710705
8445177738
8982192914
8445149765
7068075803
8791812890
9321047294
8791424387
7668001278
9027493357
9412430093
7505062562
8273384879
9580223955
9525537496
7307430149
7081233029
8171936940
7037439844
7398294387
7488408463
7456809323
9569737700
9639506029
7455963677
6398066619
8962393954
7903721185
7906409226
9058198197
7830871193
8958270258
8853517283
9582525472
8384852924
9719879478
8279887188
8445371842
7217283788
9368293788
9368908322
9142656030
6306654783
8076980060
7253077141
8868855317
7505598433
7452862988
9536660284
6386159161
9235557111
8171171250
8755551422
9058635750
8528111902
8439316054
7902048000
7251012830
7302374538
7505618022
8002661443
9219503710
9905868134
8791182568
8273741617
9219595937
9198778130
8272848161
7566869592
7839555724
9650412911
7900346334
7906524874
7017628201
7455884591
9557846547
9258290596