2315002160
2315002402
2315001420
2315000231
2315002009
2315001845
2315002197
2315000847
2315000309
2315000146
2315001576
2315002232
2315000110
2315000560
2315001300
2315001523
2315000808
2315000677
2315001125
2215001310
2315000420
2215001514
2315000135
2315000952
2315000370
2315000695
2315001605
2315000930
2315000634
2315000781
2315001837
2315001038
2315001240
2315001851
2315000727
2315001031
2315001386
2315000977
2315001683
2315002371
2315001803
2315002349
2315000004
3215000534
2415990030
2415990003
2415990016
2415990008
2415990042
2415990017
2415990044
2415990001
2415990023
2415990025
2415990046
2415990026
2415990027
2415990045
2415990040
2415990006
2415990031
2415990043
2415990018
2415990029
2415990015
2415990024
2415990037
2415990028
2415990020
2415990014
2415990034
2415990013
2415990011
2415990002
2415990032
2415990036
2415990041
2415990009
2415990038
2415990007
2415990037
2415990035
2315002177
2315200013
2315510112
2315510210
2315510097
2315510217
2315510062
2315510120
2315510255
2315510168
2315510226
2315510058
2315510237
2315510152
2315510130
2315510174
2315510207
2315510157
2315510012
2315510193
2315510220
2315510030
2315510048
2315510138
2315510125
2315510230
2315510180
2315510239
2315510014
2315510007
2315510040
2315510095
2315510107
2315510024
2315510029
2315510063
2315510116
2315510074
2315510046
2315510020
2315510196
2315510248
2315510156
2315510157
2315510202
2315510215
2315510011
2315510039
2315510039
2315510233
2315510123
2315510087
2315510098
2315510229
2315510003
2315510026
2315510225
2315510198
2315510191
2315510218
2315510241
2315510176
2315510086
2315510080
2315510147
2315510169
2315510145
2315510069
2315510028
2315510158
2315510155
2315510140
2315510182
2315510144
2315510055
2315510199
2315510033
2315510002
2315510052
2315510137
2315510235
2315510124
2315510243
2315510118
2315510163
2315510214
2315510053
2315510013
2315510188
2315510115
2315510004
2315510128
2315510066
2315510077
2315510017
2315510213
2315510008
2315510173
2315510150
2315510153
2315510252
2315510206
2315510114
2315510166
2315510108
2315510211
2315510165
2315510246
2315510251
2315510236
2315510082
2315510187
2315510238
2315510044
2315510212
2315510054
2315510201
2315510109
2315510025
2315510178
2315510245
2315510113
2315510094
2315510256
2315510224
2315510131
2315510149
2315510142
2315510027
2315510006
23125510232
2315510175
2315510228
2315510184
2315510110
2315510065
2315510031
2315510231
2315510148
2315510192
2315510042
2315510133
2315510189
2315510016
2315520009
2315520003
2315520005
2315520007
2315520002
2315520018
2315520016
2315520008
2315520004
2315520011
2315520010
2315520019
2315520015
2315520017
2315520001
2315520021
2315520006
2315300006
2315300004
2315300032
2315300007
2315300003
2315300035
2315300021
2315300005
2215300011
2315300002
2315300013
2315300022
2315300023
2315300034
2315300018
2315300010
2315300019
2315300030
2315300026
2315300024
2315300015
2315300009
2315300011
2315100010
2315100017
2315100002
2315100001
2315100009
2315200027
2315200004
2315200019
2315200008
2315200029
2315200005
2315200018
2315200018
2315200023
2315200024
2315200011
2315200014
2315200010
2315200012
2315200006
2315200009
2315000202
2315001628
2315002541
2315000489
2315001049
2315000434
2315001451
2315000864
2315000068
2315001741
2315001100
2315001231
2315001403
2315000992
2315000636
2315002559
2315002559
2315001789
2315000563
2315002098
2315001995
2315000044
2315001149
2315000216
2315000699
2315000019
2315001016
2315001487
2315001698
2315001160
2315000833
2315002428
2315002578
2315000814
2315001782
2315002187
2315002374
2315000561
2315002201
2315001546
2315002032
2315000840
2315001482
2315000234
2315001435
2315000379
2315001547
2315000178
2315002312
2315000459
2315000080
2315000611
2315000157
2315000689
2315001699
2315001587
2315000165
2315001819
2315000997
2315000755
2315000720
2315000151
2315000855
2315001971
2315000092
2315000090
2315000092
2315000346
2315002475
2315000870
2315001255
2315000565
2315000343
2315000735
2315000378
2315002204
2315000551
2315001692
2315002311
2315000716
2315001429
2315001152
2315000229
2315002003
2315001084
2315002235
2315000862
2315000070
2315001969
2315000892
2315000132
2315001147
2315000119
2315002396
2315000130
2315002199
2315001404
2315001640
2315001921
2315001894
2315000191
2315002247
2315800015
2312800039
2315800046
2315800088
23115800084
2315800031
2315800043
2315800005
2315800069
2315800019
2315800057
2315800044
2315800049
2315800095
2315800011
2315800047
2315800073
2315800017
2315800010
2315800034
2315800058
2315800071
2315800008
2315800012
2315800079
2315800006
2315800014
2315800003
2315800068
2315800028
2315800059
2315800075
2315800089
2315800081
2315800062
2315800002
2315800063
2315800040
2315800083
2315800076
2315800066
231800070
2315800060
2315800009
2315800001
2315800052
2315800041
2315800055
2315800082
2315800004
2315800024
2315800026
2315800091
2315800032
2315800076
2315800064
2315000321
2315000180
2315000301
2315000615
2315001618
2315001572
2315000324
2315002319
2315000460
2315001606
2315000043
2315001288
2315002112
2315000461
2315002279
2315000209
2315001092
2315000255
2315000342
2315000413
2315002539
2315002295
2315002551
2315002305
2315001187
2315002226
2315000679
2315000679
2315001252
2315000844
2315001069
2315001863
2315000403
2315002185
2315001194
2315000711
2315002487
2315001327
2315001099
2315001850
2315000366
2315002584
2315002080
2315002333
2315000776
2315000756
2315000875
2315000903
2315002467
2315000723
2315002083
2315001617
2315001245
2315001664
2315002114
2315000827
2315000608
2315001999
2315002383
2315001225
2315000558
2315001103
2315000073
2315000586
2315002071
2315000922
2315000803
2315001550
2315001848
2315002411
2315000880
2315000181
2315001740
2315001066
2315001171
2315002520
2315000947
2315000956
2315000807
2315000907
2315000265
2315000443
2315000315
2315000714
2315000693
2315000823
2315000922
2315001928
2315001082
2315001660
2315000397
2315001286
2315001472
2315002014
2315000377
2315001141
2315001778
2315002399
2315001571
2315000799
32315000923
2315001755
2315002231
2315002589
2315000744
2315000958
2315001530
2315001094
2315002394
2315001197
2315000937
2315000762
2315001379
2315001285
2315000133
2315002514
2315002555
2315002147
2315000937
2315000710
2315002087
2315002168
2315001714
2315001714
2315001400
2315000506
2315002505
2315000501
2315001704
2315000392
2315001668
2315002041
2315001434
2315002400
2315000545
2315000729
2315000350
2315002286
2315001181
2315000247
2315001942
2315000117
2315000078
2315000060
2315001519
2315000994
2315000061
2315000790
2315000280
2315001347
2315001002
2315002350
2315000307
2315001116
2315000294
2315000552
2315001607
2315000916
2315001908
2315002278
2315002154
2315000640
2315001122
2315002419
2315001785
2315000282
2315000357
2315001615
2315002527
2315002276
2315000401
2315000822
2315000071
2315000670
2315000973
2315002086
2315002011
2315000033
2315000876
2315000658
2,315,001,366
2315002017
2315002419
2315001138
2315000313
2315000466
2315001002
2315002527
2315001493
2315002099
2315001024
2315002259
2315001670
2315002543
2315000948
2315000726
2315000052
2315002113
2315000766
2315002042
2315001871
2315001588
2315000171
2315002491
2315002386
2315001612
2315000837
2315001935
2315000416
2315002158
2315002000
2315002478
2315002347
2315002575
2315001241
2315001179
2315001544
2315001320
2315002067
2315001656
2315001112
2315001352
2315002050
2315001602
2315001332
2315002102
2315000616
2315002412
2315002042
2315000820
2315001161
2315001156
2315000267
2315000345
2315001609
2315001415
2315000031
2315001539
2315002211
2315000245
2315001859
2315001291
2315002535
2315001964
2315000571
2315002338
2315001542
2315002144
2315002462
2315001297
2315002392
2315002521
2315001356
2315002508
2315001662
2315001507
2315000408
2315000142
2315000101
2315000005
2315002437
2315000642
2315001394
2315000950
2315001595
2315001350
2315000895
2315001944
2315001847
2315001461
2315002078
2315002490
2315000641
2315001730
2315000535
2315000304
2315001432
2315000473
2315000185
2315001817
2315002125
2315001345
2315001345
2315000795
2315001335
2315000567
2315001559
2315000003
2315001401
2315002224
2315001233
2315001542
2315002534
2315001823
2315001570
2315000299
2315001826
2315002140
2315002560
2315000709
2315001087
2315002167
2315001522
2315002292
2315002558
2315002550
2315000596
2315000500
2315002264
2315000524
2315001380
2315002123
2315002352
2315001180
2315001843
2315001219
2315000661
2315002546
2315000412
2315002314
2315000387
2315001494
2315001724
2315001057
2315001098
2315000995
2315000340
2315000199
2315001891
2315000724
2315001766
2315001328
2315000960
2315002111
2315000300
2315001440
2315000056
2315000858
2315002458
2315000447
2315002409
2315001503
2315001720
2315000610
2315001754
2315000405
2315000647
2315000368
2315001326
2315001635
2315002488
2315001598
2315000069
2315001646
2315001349
2315000013
2315000580
2315001326
2315000583
2315002340
kr941022@gmail.com
2315000217
2315000475
2315001555
2315000596
2315001110
2315001649
2315000687
2315002073
2315000733
2315000087
2315001114
2315000701
2315000002
2315000105
2315002364
2315001696
2315002359
2315000023
2315001512
2315000667
2315000436
2315001904
2315001421
2315002066
2315001414
2315000201
2315001739
2315001712
2315002065
2315002471
2315001037
2315002057
2315001749
2315000320
2315000027
2315000831
2315000496
2315001021
2315000375
2315001462
2315001353
2315002500
2315001416
2315001946
2315002019
2315000312
2315001176
2315000314
2315002138
2315000607
2315000834
2315002468
2315001753
2315000225
2315001940
2315001980
2315002519
2315000107
2315002429
2315001072
2315001958
2315000045
2315001158
2315002390
2315001794
2315002068
2315002449
2315001047
2315000252
2315001600
2315001599
2315000805
2315000445
2315001693
2315001200
2315001091
2315000124
2315001932
2315000602
2315001145
2315001735
2315002580
2315002122
2315001568
2315001405
2315001746
2315000775
2315001406
2315001454
2315002130
2315001459
2315001391
23152316
2315001063
2315001000
2315001949
2315000969
2315000474
2315001680
2315001574
2315000074
2315000887
2315000062
2315001324
2315001150
2315001030
2315001965
2315001423
2315001000
2315000445
2315002439
2315000213
2315000543
2315001858
2315000824
2315000232
2315000106
2315000800
2315001610
2315000242
2315000172
2315000353
2315002090
2315000911
2315001274
2315000219
2315001667
2315001959
2315000316
2315000015
2315000160
2315000166
2315001939
2315000160
2315002273
2315001498
2315000598
2315000582
2315002583
2315000008
2315002040
2315000439
2315001488
2315000406
2315002156
2315001452
2315000329
2315000984
2315000980
2315000878
2315001731
2315000620
2315001694
2315000548
2315002549
2315000829
2315000270
2315002257
2315000057
2315000908
231500423
Jdwmdmdmrm
2315000597
2315000385
2315002337
2315000097
2315001028
2315000691
2315002377
2315001376
2315000028
2315001500
2315002178
2315001926
2315002043
2315002064
2315002240
2315000224
2315001967
2315002344
2315002343
2315000125
2315001849
2315002290
2315000717
2315000962
2315001997
2315002375
2315001634
2315002104
2315000393
2315000972
2315000293
2315001829
2315001636
2315000874
2315001912
2315000295
2315001201
2315001068
2315002230
2315001239
2315000218
2315001590
2315001483
2315000356
2315002141
231500945
2315001966
2315002496
2315000116
2315001711
2315001703
2315001319
2315001142
2315001601
2315001806
2315001336
2315000697
2315002287
2315000281
231501146
2315001566
2315001276
2315002451
2315001996
2315002007
2315001289
2315001424
2315001154
2315001228
2315001342
2315000293
2315000398
2315001659
2315001882
2315002373
2315000082
2315000801
2315000835
2315001035
2315001800
2315001399
2315000235
2315000865
2315000249
2315001865
2315001633
2315000335
2315001081
2315001481
2315000763
2315001398
2315001109
2315000477
2315000355
2315001700
2315001041
2315000042
2315000344
2315000067
2315001190
2315001489
2315001382
2315000276
2315000792
2315000269
2315001413
2315002222
2315000546
2315002239
2315001520
2315000396
2315002021
2315000801
2315000037
2315000555
2315001101
2315000150
2315001989
2315000789
2315000424
2315000016
2315002436
2315001506
2315000513
2315001304
2315000856
2315001505
2315000053
2315001425
2315002033
2315001586
2315000747
2315001799
2315000989
2315002568
2315002529
2315002251
2315002404
2315002304
2315001107
2315001119
2315002376
2315000152
2315002165
2315001743
2315001437
2315001102
2315000780
2315001976
2315002101
2315001759
2315001657
2315000390
2315000458
2315001725
2315000118
2315002446
2315000128
2315001453
2315000931
2315002494
2315001012
2315002431
2315002393
2315001052
2315001061
2315000306
2315000066
2315002502
2315000559
2315001543
2315001471
2315001167
2315001613
2315001909
2315001527
2315001470
2315002315
2315001267
2315002382
2315000177
2315001074
1215001591
Rishi Srivastava
2315002131
2315001938
2315001365
2315002133
2315000740
2315002284
2315001915
2315000161
2315001713
2315001022
2315001485
2315000094
2315002570
2315000740
2315001266
2315000953
2315000861
2315000220
2315000197
2315002354
2315001244
2315000176
2315001661
2315001974
2315001331
2315001992
2315002060
2315001078
2315001528
2315000728
2315000854
2315002473
2315002313
2315000493
2315000528
2315000493
2315001226
2315002507
2315001924
2315002218
2315002367
2315001822
2315001866
2315002420
2315001993
2315001955
2315001111
2315000369
2315001685
2315000970
2315002163
2315000541
2315000248
2315000036
2315000530
2315001242
2315002115
2315000645
2315001697
2315000946
2315001195
2315002318
2315001973
2315000584
2315001341
2315000296
2315001923
2315000359
2315000941
2315000063
2315000771
2315002139
2315001318
2315002525
2315000328
2315001695
2315002397
2315000932
2315000266
2315000830
2315001820
2315002358
2315002136
2315002249
2315000891
2315000514
2315000425
2315002547
2315001397
2315000170
2315002039
2315000934
2315000372
2315000360
2315001439
2315002493
2315001818
2315002034
2315002048
2315002008
2315000497
2315002457
2315002176
2315001807
2315001466
2315000663
2315001153
2315000605
2315001658
2315001611
231500650
2315002208
2315001390
2315002008
2315001302
2315000020
2315000502
2315001525
2315001017
2315002046
2315001988
2315000648
2315002096
2315000988
2315002567
2315000849
2315000144
2315002025
2315000038
2315000227
2315002274
2315000523
2315001625
2315000456
2315000503
2315001486
2315001202
2315000990
2315002274
2315001629
2315001218
2315001918
2315000305
2315000476
2315001280
2315002110
2315002016
2315002174
2315000238
2315002470
2315001511
2315002106
2315000193
2315000487
2315001529
2315001034
2315001442
2315000798
2315001877
2315001203
2315002455
2315002049
2315001594
2315001914
2315001793
2315000600
2315001841
2315000096
2315001299
2315000935
2315002272
2315000516
2315000351
2315001690
2315002212
2315001137
2315002268
2315001117
2315000938
2315001387
2315002294
2315002189
2315000091
2315002093
2315000391
2315002326
2315002456
2315002351
2315001129
2315001113
2315001581
2315001123
2315002522
2315001968
2315000964
2315001113
2315002233
2315000773
2315002092
2315002206
2315000193
2315000757
2315000192
2315001015
2315002443
2315002323
2315001906
2315002536
2315000574
2315002360
2315000463
2315000214
2315000627
2315000627
2315000286
2315000373
2315002302
2315000767
2315001898
2315001907
2315002095
2315000660
2315002205
2315001198
2315001475
2315001329
2315001321
2315002346
2315002356
2315001220
2315002369
2315002027
2315001982
2315001418
2315001378
2315000389
2315000179
2315002372
2315000285
2315002152
2315001460
2315000686
2315001856
2315002053
2315000457
2315000656
2315002424
2315002248
2315000698
2315002132
2315002128
2315001678
2315000721
2315001080
2315000886
2315000035
2315000508
2315002061
2315001745
2315001262
2315001003
2315001867
2315002481
2315002556
2315002070
2315001742
2315000109
2315000418
2315000492
2315001070
2315000297
2315001762
2315000486
2315002293
2315002031
2315000704
2315001776
2315001236
2315001954
2315001642
2315001428
2315001178
2315001691
2315001950
2315000290
2315001846
2315001339
23150024
2315002441
2315002072
2315002180
2315000136
2315001306
2315001106
2315001419
2315000712
2315001124
2315000722
2315000154
2315002169
2315002329
2315001537
2315001875
2315002355
2315000479
2315000361
2315001792
2315002423
2315000055
2315001323
2315000007
2315002183
2315000451
2315002250
2315001641
2315002363
2315001721
2315000739
2315001501
2315002532
2315002236
2315002321
2315000339
2315001889
2315002281
2315000131
2315001314
2315000521
2315001920
2315002216
2315001927
2315000912
2315000450
2315000812
2315001251
2315001798
2315000694
2315001638
2315002282
2315000553
2315002258
2315001509
2315000890
2315001637
2315001246
2315001357
2315001050
2315000173
2315001020
2315000897
2315000409
2315000804
2315002346
2315000894
2315002246
2315300017
2315800053
2315800080
2315800067
2315800030
2315800035
2315000668
2315000518
2315800036
2315800021
231580023
2315000426
2315800075
2315800027
2315000810
2315002091
2315000478
2315800050
2315001931
2315000654
2315002171
2315001824
2315510049
2315001804
2315000547
2315000433
2315001710
2315000982
2315001309
2315001647
2315001945
2315000550
2315510045
2315001947
2315000414
2315000245
2315000902
2315000196
2315000788
2315001948
2315510162
2315001608
2315001722
2315001492
2315002518
2315002071
2315001284
2315510101
2315001515
2315000884
2315800018
2315000289
2315001089
2315002203
2315001952
2315100014
2315510181
2315510194
2315001207
2315001372
2315000732
2315002085
2315000770
2315000910
2315001805
2315002100
2315002503
2315002018
2315510253
2315000059
2325002391
2315000228
2315800078
2315510064
2315510084
2315001408
2315002309
2315001338
2315001810
2315002335
2315000440
2315001083
2315800007
2315002030
2315000617
2315800061
2315000924
2315001597
2315001077
2315001505
2315000243
2315001869
2315001553
2315001262
2315001673
2315002474
2315000238
2315002339
2315002325
2315002150
2315001524
2315000839
2315001410
2315000976
2315002531
2315001065
2315000262
231502280
2315001166
2315001897
2315002076
2315002197
2315001676
2315001232
2315000882
2315001603
2315000079
2315001828
2315000326
2315001426
2315001956
2315002366
2315001934
2315000652
2315000638
2315000904
2315000879
2315800048
2315800013
2315002418
2315002297
2315000250
2315001893
2315001361
2315001990
2315510083
2315001943
2315001303
2315001053
2315001105
2315001090
2315002058
2315001643
2315002148
2315000410
2315000671
2315000985
2315002029
2315000113
2315002186
2315002387
2315000544
2315000542
2315000556
2315001933
2315510139
2315002221
2315002380
2315000268
2315001282
2315001238
2315001032
2315000341
2315002370
2315000089
2315000876
2315000802
2315002350
2315000111
2315000746
2315001374
2315510219
2315510081
2315001621
2315001576
2315000364
2315002074
2315001213
2315000488
2315000853
2315002500
2315001058
2315000491
2315002044
2315002117
2315002492
2315000940
2315001216
2315000991
2315000791
2315510057
2315510059
2315001206
2315001422
2315002241
2315000149
2315001987
2315002143
2315000230
2315001444
2315001151
2315002079
2315002544
2315002513
2315001941
2315000538
2315002215
2315000222
2315001014
2315002355
2315002363
2315002229
2315000108
2315000973
2315002250
2315002116
2315001704
2315000141
2315001384
2315000326
2315000427
2315001726
2315002469
2315001616
2315001980
2315002569
2315000867
2315002464
2315001172
2315001131
2315002391
2315001355
2315001088
2315001665
2315001163
2315000900
2315000026
2315000751
2315001298
2315000088
2315000672
2315001677
2315001426
2315000483
2315002435
2315001247
2315000099
2315001363
2315001576
2315000749
2315000129
2315002405
2315000292
2315000198
2315001075
2315001005
2315001797
2315000852
2315001702
2315001705
2315002420
2315000519
2315002262
2315000821
231500071
2315001312
2315001616
2315002232
2315000174
2315001093
2315001122
2315000967
2315001205
2315000448
2315001095
2315001509
231500669
2315000470
2315002459
2315000621
2315001517
2315002227
2315000521
2315000280
2315002585
2315001648
2315002482
2315510072
2315001039
2315510141
2315001463
2315510132
2315000681
2315510234
2315000121
2315510105
2315002538
2315000974
2315000419
2315510161
2315002052
2315001653
2315000327
2315001710
2315000505
2315000612
2315000374
2315000572
2315000011
2315001497
2315000399
2315000081
2315000054
2315000472
2315000064
2315001751
2315002548
2315000998
2315000449
2315000678
2315002336
2315000703
2315001919
2315000167
2315002511
2315000507
2315001887
2315000635
2315001653
2315001760
2315000509
2315001496
2315000505
2315002548
2315000054
2315001835
2315000974
2315000399
2315002127
2315001497
2315000703
2315000327
2315000678
2315000419
2315000449
2315001510
2315000323
2315000507
2315000081
2315002326
2315000352
2315002094
2315002020
2315001054
2315001033
2315001561
2315000666
2315001899
2315001751
2315001510
2315000566
2315001773
2315000463
2315000102
2315000049
2315001893
2315000816
2315000752
2315000650
2315001214
2315002285
2315001188
2315001713
2315001779
2315001747
2315000143
2315001645
2315001750
2315001490
2315001026
2315001854
2315000846
2315002244
2315510050
2315000236
2315001043
2315002157
2315002015
2315002552
2315001175
2315000471
2315001757
2315000175
2315800038
2315800065
2315800020
2315001476
2315002038
2215000287
2315001265
2315000589
2315001516
2315000233
2315002262
2315000243
2315001136
2315000890
2315000428
2315001143
2315000055
2315000502
2315000939
2315000339
2315001902
2315001525
2315001400
2315002146
2315001879
2315000302
2315001196
2315002363
2315000163
2315000163
2315001577
2315001405
2315002310
2315001831
2315000523
2315000629
2315000160
2315000084
2315000738
2315001752
2315002324
2315002188
2315001585
2315001483
2315000206
2315002287
2315001356
2315001971
2315002178
2315000237
2315002104
2315000210
2315000095
2315002213
2315001910
2315000088
2315000759
2315001233
2315002303
2315000373
2315000467
2315001909
2315000112
23150001118
2315001262
2315000564
2315000114
2315001102
2315001743
2315001543
2315001592
2315001437
2315000559
2315000407
2315002140
2315001475
2315000207
2315000076
2315000750
2315002401
2315002088
2315001165
2315001933
2315000287
2315002137
2315000442
2315000429
2315002061
2315000665
2315000025
2315002488
2315001412
2315000249
2315001048
2315002331
2315001460
2315000983
2315000709
2315000340
2315001505
2315001130
2315001184
2315002388
2315000221
2315001725
2315000670
2315000014
2315002166
2315000779
2315002515